00000000000000000000000000000000
00000000000000000000000000000000
00000000000000000000000010000000
00000000000000000000000000000000
00000000000000000000000000000000
00000000000000000000000000000011
00000000000000000000000000000000
00000000000000000000000000000000
00000000000000000000000000000001
00000000000000000000000000000001
00000000000000000000000000001000
00000000000000000000000000000011
00000000000000000000000000000101
00000000000000000000000000000001
00000000000000000000000000011110
00000000000000000000000000000010
00000000000000000000000000000000
00000000000000000000000000000010
11111111111111111111111111000100
00000000000000000000000000000000
11111111111111111111111111111010
00000000000000000000000000000010
00000000000000000000000000000000
00000000000000000000000000000000
00000000000000000010100011010010
00000000000000000000000000000000
00000000000000000000000000000000
00000000000000000000000000000000
00000000000000000000000000000000
00000000000000000000000000000000
00000000000000000000000000000000
00000000000000000000000000000000
